% http://www.gardenersown.co.uk/Education/Lectures/R/nonparam.htm
a  = [
    1           2           1        2004
    2          48           1        2005
    3          40           1        2006
    4           3           2        2004
    5         120           2        2005
    6          81           2        2006
    7           2           3        2004
    8          16           3        2005
    9          36           3        2006
    10           7           4        2004
    11          21           4        2005
    12          17           4        2006
    13           2           5        2004
    14          14           5        2005
    15          17           5        2006 ];
